[2.5  3.   2.75 3.   3.   3.25]
[2.5  2.5  2.75 2.5  2.5 ]
[2.25 3.   2.5  2.25 2.75 3.25]
[1.5  1.   2.5  2.25 2.25]
[2.5 2.5 0.  0.5 2.  3. ]
[3.75 4.   3.75 3.75]
[3.   3.5  3.5  4.25]
[3.25 4.25 4.25 4.5  4.  ]
[2.25 2.75 3.5  4.   4.   1.   1.5  2.   3.5 ]
[2.25 2.25 2.25 3.25 3.25 2.25 2.25 3.   3.75 3.75]
[2.   2.25 3.25 3.75]
[1.75 3.5  1.   3.25 3.   1.   0.25 0.   0.   0.  ]
[1.75 2.   3.   1.   2.   3.75 2.   2.   2.   2.  ]
[1.5  2.25 2.5  3.25 4.   4.25 4.25]
[3.5  2.75 1.75 2.   1.5  3.25]
[2.   2.5  3.25 3.25]
[2.   3.   2.5  2.75 3.25]
[1.   2.5  2.75 2.75 3.5 ]
[1.75 2.   2.   1.5  2.   1.5  3.  ]
[2.   2.75 3.25 2.   2.25 1.5  0.   1.   1.25 1.  ]
[2.75 3.5  2.25 3.5  3.75]
[2.   4.   4.   4.   4.25 4.   4.   4.5 ]
[2.75 4.   4.25 0.   0.25 0.75]
[3.   3.75 4.25 4.  ]
[2.25 4.25 3.75 4.5  3.75]
[3.25 3.75 3.75 3.75 3.75]
[3.75 4.25 4.25 4.25 4.25]
[4.   4.25 4.25 4.25 4.25]
[2.5 3.  3.5 4.  4. ]
[2.5  4.25 4.25 4.25 4.25]
[2.   2.25 2.75 4.  ]
[1.75 4.   4.25 4.25]
[3.   4.25 4.25 4.5 ]
[4.   5.   3.75 3.5  4.25 4.5  4.5  4.25]
[3.5  3.5  3.75 3.5  3.5  3.5  3.5  3.5  4.  ]
[2.5  3.25 3.5  3.25 3.25 3.75 3.   3.25 3.75 4.25]
[3.5  2.75 2.75 3.5  2.75 4.25 3.25 3.5  3.25]
[2.25 3.5  3.5  3.5  3.25 3.25 2.75 2.75 3.   4.  ]
[2.75 3.   3.5  3.5  3.5  3.25 2.5  2.75 3.  ]
[2.75 3.   2.   2.5 ]
[3.   3.5  3.   3.   2.   3.25 3.5  2.   2.   4.  ]
[2.5  4.   4.25 4.25 4.25 3.25 3.5  3.5  3.25 3.25]
[1.75 4.   2.   2.25 2.25 2.   2.   1.75 2.5  2.25]
[2.75 4.25 3.5  3.   2.5  3.5  2.75 3.   2.   2.5 ]
[2.5  3.25 3.25 2.75 1.75 3.75 2.25 3.   2.5  3.  ]
[2.5  4.5  4.25 3.   4.25 3.75 4.25 2.25 4.   4.5 ]
[3.   4.   4.25 4.25 4.   4.25 3.5  3.25 4.25]
[1.   1.75 4.   3.5  2.   3.   2.75 3.   2.5 ]
[2.5  4.25 3.25 0.   2.5  3.5  4.   3.   3.   2.  ]
[2.5  4.   3.75 4.   5.  ]
[1.75 4.25 3.5  4.5  1.   4.25 4.5  3.   3.   2.  ]
[2.   0.   1.   1.   1.75 1.   0.   5.   1.   0.  ]
[2.   2.5  3.   2.25 3.   2.   3.25 3.5  2.75 0.5 ]
[2.5  4.   3.75 4.   4.75 3.25]
[1.75 0.   2.   2.   1.   1.75 2.   1.   1.   0.  ]
[2.   2.75 2.25 2.5  0.  ]
[2.  2.5 1.  5. ]
[3.5  4.25 4.25 3.75 3.75]
[2.5  3.75 4.   3.75 3.75]
[2.75 3.25 3.   3.25 4.25]
[3.25 4.5  4.25 4.5 ]
[2.5  2.5  2.75 1.75 3.75]
[1.25 2.75 1.25 1.25]
[3.   2.75 3.25 2.5  3.25 3.   3.25 3.75 2.5  3.25]
[2.5  3.   2.5  3.75 4.   4.   3.25 3.   3.   3.  ]
[3.5  4.   4.25 3.   3.   3.   3.25 3.75 3.25 3.  ]
[3.75 3.   3.   3.5  3.25 3.25 3.25 3.25 2.25 3.25]
[2.75 3.25 3.5  3.25 3.75 3.5  3.25 2.75 2.5  3.  ]
[3.25 4.   3.75 3.75 3.75 3.25 3.25 3.25 3.   3.  ]
[2.5  3.25 3.   3.   2.   2.5  2.75 2.5  3.5  2.25]
[3.   3.25 3.25 3.   3.   3.25 3.5  3.75 3.5  3.75]
[3.25 3.5  3.25 3.25 3.25 3.25 3.25 3.25 4.   2.75]
[2.75 3.25 3.25 3.   3.25 3.25 3.25 3.75 3.25]
[2.75 3.5  2.75 4.75]
[2.   1.75 2.   1.5  0.   1.   0.25 0.25 0.25 0.5 ]
[2.   3.25 3.25 3.75]
[1.5  2.   3.5  3.75]
[1.75 0.   0.5  2.75]
stationary:  121 36 79 43
mean dec trend:  4 172 4
var dec trend:  5 175 0
optimal dec trend:  6 110 3
